trial0001501, 000600, AA, 1021, 14, 72.928571, GDX, 421, 6, 70.166667, ZIC, 118, 8, 14.750000, ZIP, 373, 4, 93.250000, 109, 118, 
trial0001502, 000600, AA, 1020, 14, 72.857143, GDX, 312, 6, 52.000000, ZIC, 256, 8, 32.000000, ZIP, 268, 4, 67.000000, 80, 148, 
trial0001503, 000600, AA, 1115, 14, 79.642857, GDX, 439, 6, 73.166667, ZIC, 155, 8, 19.375000, ZIP, 485, 4, 121.250000, 76, 83, 
trial0001504, 000600, AA, 803, 14, 57.357143, GDX, 148, 6, 24.666667, ZIC, 191, 8, 23.875000, ZIP, 317, 4, 79.250000, 101, 103, 
trial0001505, 000600, AA, 958, 14, 68.428571, GDX, 589, 6, 98.166667, ZIC, 370, 8, 46.250000, ZIP, 112, 4, 28.000000, 102, 128, 
trial0001506, 000600, AA, 878, 14, 62.714286, GDX, 227, 6, 37.833333, ZIC, 425, 8, 53.125000, ZIP, 295, 4, 73.750000, 88, 93, 
trial0001507, 000600, AA, 768, 14, 54.857143, GDX, 155, 6, 25.833333, ZIC, 266, 8, 33.250000, ZIP, 352, 4, 88.000000, 120, 124, 
trial0001508, 000600, AA, 540, 14, 38.571429, GDX, 483, 6, 80.500000, ZIC, 287, 8, 35.875000, ZIP, 25, 4, 6.250000, 80, 127, 
trial0001509, 000600, AA, 460, 14, 32.857143, GDX, 309, 6, 51.500000, ZIC, 589, 8, 73.625000, ZIP, 472, 4, 118.000000, 105, 131, 
trial0001510, 000600, AA, 1269, 14, 90.642857, GDX, 198, 6, 33.000000, ZIC, 506, 8, 63.250000, ZIP, 185, 4, 46.250000, 114, 121, 
trial0001511, 000600, AA, 868, 14, 62.000000, GDX, 132, 6, 22.000000, ZIC, 393, 8, 49.125000, ZIP, 124, 4, 31.000000, 115, 128, 
trial0001512, 000600, AA, 738, 14, 52.714286, GDX, 338, 6, 56.333333, ZIC, 394, 8, 49.250000, ZIP, 106, 4, 26.500000, 115, 118, 
trial0001513, 000600, AA, 1325, 14, 94.642857, GDX, 414, 6, 69.000000, ZIC, 185, 8, 23.125000, ZIP, 122, 4, 30.500000, 85, 87, 
trial0001514, 000600, AA, 1004, 14, 71.714286, GDX, 254, 6, 42.333333, ZIC, 186, 8, 23.250000, ZIP, 301, 4, 75.250000, 96, 115, 
trial0001515, 000600, AA, 1012, 14, 72.285714, GDX, 681, 6, 113.500000, ZIC, 281, 8, 35.125000, ZIP, 152, 4, 38.000000, 108, 132, 
trial0001516, 000600, AA, 1395, 14, 99.642857, GDX, 33, 6, 5.500000, ZIC, 220, 8, 27.500000, ZIP, 449, 4, 112.250000, 127, 133, 
trial0001517, 000600, AA, 929, 14, 66.357143, GDX, 209, 6, 34.833333, ZIC, 800, 8, 100.000000, ZIP, 128, 4, 32.000000, 89, 97, 
trial0001518, 000600, AA, 885, 14, 63.214286, GDX, 273, 6, 45.500000, ZIC, 293, 8, 36.625000, ZIP, 81, 4, 20.250000, 130, 131, 
trial0001519, 000600, AA, 1038, 14, 74.142857, GDX, 360, 6, 60.000000, ZIC, 218, 8, 27.250000, ZIP, 247, 4, 61.750000, 102, 140, 
trial0001520, 000600, AA, 1394, 14, 99.571429, GDX, 106, 6, 17.666667, ZIC, 221, 8, 27.625000, ZIP, 518, 4, 129.500000, 101, 108, 
trial0001521, 000600, AA, 517, 14, 36.928571, GDX, 87, 6, 14.500000, ZIC, 101, 8, 12.625000, ZIP, 26, 4, 6.500000, 122, 126, 
trial0001522, 000600, AA, 413, 14, 29.500000, GDX, 163, 6, 27.166667, ZIC, 85, 8, 10.625000, ZIP, 180, 4, 45.000000, 125, 133, 
trial0001523, 000600, AA, 558, 14, 39.857143, GDX, 153, 6, 25.500000, ZIC, 17, 8, 2.125000, ZIP, 92, 4, 23.000000, 110, 112, 
trial0001524, 000600, AA, 474, 14, 33.857143, GDX, 40, 6, 6.666667, ZIC, 175, 8, 21.875000, ZIP, 135, 4, 33.750000, 146, 162, 
trial0001525, 000600, AA, 290, 14, 20.714286, GDX, 84, 6, 14.000000, ZIC, 100, 8, 12.500000, ZIP, 88, 4, 22.000000, 113, 116, 
trial0001526, 000600, AA, 394, 14, 28.142857, GDX, 110, 6, 18.333333, ZIC, 61, 8, 7.625000, ZIP, 62, 4, 15.500000, 113, 114, 
trial0001527, 000600, AA, 366, 14, 26.142857, GDX, 93, 6, 15.500000, ZIC, 143, 8, 17.875000, ZIP, 114, 4, 28.500000, 104, 105, 
trial0001528, 000600, AA, 411, 14, 29.357143, GDX, 91, 6, 15.166667, ZIC, 22, 8, 2.750000, ZIP, 175, 4, 43.750000, 103, 108, 
trial0001529, 000600, AA, 451, 14, 32.214286, GDX, 176, 6, 29.333333, ZIC, 217, 8, 27.125000, ZIP, 43, 4, 10.750000, 108, 154, 
trial0001530, 000600, AA, 375, 14, 26.785714, GDX, 177, 6, 29.500000, ZIC, 25, 8, 3.125000, ZIP, 300, 4, 75.000000, 109, 110, 
trial0001531, 000600, AA, 508, 14, 36.285714, GDX, 218, 6, 36.333333, ZIC, 41, 8, 5.125000, ZIP, 63, 4, 15.750000, 110, 113, 
trial0001532, 000600, AA, 120, 14, 8.571429, GDX, 178, 6, 29.666667, ZIC, 250, 8, 31.250000, ZIP, 199, 4, 49.750000, 143, 146, 
trial0001533, 000600, AA, 511, 14, 36.500000, GDX, 154, 6, 25.666667, ZIC, 102, 8, 12.750000, ZIP, 227, 4, 56.750000, 110, 117, 
trial0001534, 000600, AA, 551, 14, 39.357143, GDX, 147, 6, 24.500000, ZIC, 23, 8, 2.875000, ZIP, 38, 4, 9.500000, 110, 111, 
trial0001535, 000600, AA, 480, 14, 34.285714, GDX, 85, 6, 14.166667, ZIC, 68, 8, 8.500000, ZIP, 89, 4, 22.250000, 111, 117, 
trial0001536, 000600, AA, 227, 14, 16.214286, GDX, 63, 6, 10.500000, ZIC, 114, 8, 14.250000, ZIP, 65, 4, 16.250000, 126, 137, 
trial0001537, 000600, AA, 225, 14, 16.071429, GDX, 220, 6, 36.666667, ZIC, 144, 8, 18.000000, ZIP, 130, 4, 32.500000, 133, 139, 
trial0001538, 000600, AA, 437, 14, 31.214286, GDX, 165, 6, 27.500000, ZIC, 32, 8, 4.000000, ZIP, 110, 4, 27.500000, 128, 147, 
trial0001539, 000600, AA, 393, 14, 28.071429, GDX, 193, 6, 32.166667, ZIC, 191, 8, 23.875000, ZIP, 108, 4, 27.000000, 122, 131, 
trial0001540, 000600, AA, 480, 14, 34.285714, GDX, 66, 6, 11.000000, ZIC, 82, 8, 10.250000, ZIP, 166, 4, 41.500000, 115, 120, 
trial0001541, 000600, AA, 1203, 14, 85.928571, GDX, 260, 6, 43.333333, ZIC, 275, 8, 34.375000, ZIP, 226, 4, 56.500000, 86, 116, 
trial0001542, 000600, AA, 903, 14, 64.500000, GDX, 457, 6, 76.166667, ZIC, 108, 8, 13.500000, ZIP, 231, 4, 57.750000, 124, 135, 
trial0001543, 000600, AA, 512, 14, 36.571429, GDX, 199, 6, 33.166667, ZIC, 245, 8, 30.625000, ZIP, 567, 4, 141.750000, 111, 122, 
trial0001544, 000600, AA, 1174, 14, 83.857143, GDX, 376, 6, 62.666667, ZIC, 204, 8, 25.500000, ZIP, 207, 4, 51.750000, 81, 97, 
trial0001545, 000600, AA, 831, 14, 59.357143, GDX, 123, 6, 20.500000, ZIC, 347, 8, 43.375000, ZIP, 350, 4, 87.500000, 115, 132, 
trial0001546, 000600, AA, 944, 14, 67.428571, GDX, 129, 6, 21.500000, ZIC, 120, 8, 15.000000, ZIP, 582, 4, 145.500000, 113, 114, 
trial0001547, 000600, AA, 506, 14, 36.142857, GDX, 123, 6, 20.500000, ZIC, 574, 8, 71.750000, ZIP, 808, 4, 202.000000, 111, 112, 
trial0001548, 000600, AA, 1100, 14, 78.571429, GDX, 326, 6, 54.333333, ZIC, 318, 8, 39.750000, ZIP, 249, 4, 62.250000, 78, 113, 
trial0001549, 000600, AA, 901, 14, 64.357143, GDX, 152, 6, 25.333333, ZIC, 180, 8, 22.500000, ZIP, 257, 4, 64.250000, 116, 128, 
trial0001550, 000600, AA, 1050, 14, 75.000000, GDX, 132, 6, 22.000000, ZIC, 324, 8, 40.500000, ZIP, 247, 4, 61.750000, 80, 109, 
trial0001551, 000600, AA, 1223, 14, 87.357143, GDX, 81, 6, 13.500000, ZIC, 245, 8, 30.625000, ZIP, 518, 4, 129.500000, 75, 83, 
trial0001552, 000600, AA, 455, 14, 32.500000, GDX, 306, 6, 51.000000, ZIC, 410, 8, 51.250000, ZIP, 501, 4, 125.250000, 72, 90, 
trial0001553, 000600, AA, 900, 14, 64.285714, GDX, 143, 6, 23.833333, ZIC, 178, 8, 22.250000, ZIP, 277, 4, 69.250000, 101, 102, 
trial0001554, 000600, AA, 702, 14, 50.142857, GDX, 165, 6, 27.500000, ZIC, 639, 8, 79.875000, ZIP, 231, 4, 57.750000, 112, 120, 
trial0001555, 000600, AA, 862, 14, 61.571429, GDX, 389, 6, 64.833333, ZIC, 303, 8, 37.875000, ZIP, 342, 4, 85.500000, 91, 124, 
trial0001556, 000600, AA, 777, 14, 55.500000, GDX, 670, 6, 111.666667, ZIC, 546, 8, 68.250000, ZIP, 269, 4, 67.250000, 87, 112, 
trial0001557, 000600, AA, 654, 14, 46.714286, GDX, 674, 6, 112.333333, ZIC, 563, 8, 70.375000, ZIP, 389, 4, 97.250000, 72, 75, 
trial0001558, 000600, AA, 844, 14, 60.285714, GDX, 30, 6, 5.000000, ZIC, 275, 8, 34.375000, ZIP, 442, 4, 110.500000, 85, 94, 
trial0001559, 000600, AA, 954, 14, 68.142857, GDX, 834, 6, 139.000000, ZIC, 159, 8, 19.875000, ZIP, 206, 4, 51.500000, 89, 94, 
trial0001560, 000600, AA, 1374, 14, 98.142857, GDX, 411, 6, 68.500000, ZIC, 35, 8, 4.375000, ZIP, 496, 4, 124.000000, 68, 74, 
trial0001561, 000600, AA, 1581, 14, 112.928571, GDX, 1468, 6, 244.666667, ZIC, 604, 8, 75.500000, ZIP, 376, 4, 94.000000, 86, 99, 
trial0001562, 000600, AA, 2397, 14, 171.214286, GDX, 469, 6, 78.166667, ZIC, 158, 8, 19.750000, ZIP, 206, 4, 51.500000, 106, 113, 
trial0001563, 000600, AA, 1849, 14, 132.071429, GDX, 466, 6, 77.666667, ZIC, 341, 8, 42.625000, ZIP, 509, 4, 127.250000, 140, 144, 
trial0001564, 000600, AA, 1896, 14, 135.428571, GDX, 302, 6, 50.333333, ZIC, 849, 8, 106.125000, ZIP, 172, 4, 43.000000, 150, 166, 
trial0001565, 000600, AA, 1818, 14, 129.857143, GDX, 762, 6, 127.000000, ZIC, 629, 8, 78.625000, ZIP, 261, 4, 65.250000, 111, 128, 
trial0001566, 000600, AA, 1383, 14, 98.785714, GDX, 421, 6, 70.166667, ZIC, 548, 8, 68.500000, ZIP, 37, 4, 9.250000, 109, 140, 
trial0001567, 000600, AA, 1730, 14, 123.571429, GDX, 379, 6, 63.166667, ZIC, 427, 8, 53.375000, ZIP, 323, 4, 80.750000, 124, 138, 
trial0001568, 000600, AA, 896, 14, 64.000000, GDX, 305, 6, 50.833333, ZIC, 1010, 8, 126.250000, ZIP, 450, 4, 112.500000, 125, 141, 
trial0001569, 000600, AA, 1137, 14, 81.214286, GDX, 1028, 6, 171.333333, ZIC, 758, 8, 94.750000, ZIP, 256, 4, 64.000000, 113, 173, 
trial0001570, 000600, AA, 1927, 14, 137.642857, GDX, 231, 6, 38.500000, ZIC, 234, 8, 29.250000, ZIP, 557, 4, 139.250000, 105, 118, 
trial0001571, 000600, AA, 1899, 14, 135.642857, GDX, 925, 6, 154.166667, ZIC, 192, 8, 24.000000, ZIP, 234, 4, 58.500000, 106, 119, 
trial0001572, 000600, AA, 1630, 14, 116.428571, GDX, 209, 6, 34.833333, ZIC, 514, 8, 64.250000, ZIP, 524, 4, 131.000000, 144, 145, 
trial0001573, 000600, AA, 1669, 14, 119.214286, GDX, 254, 6, 42.333333, ZIC, 431, 8, 53.875000, ZIP, 280, 4, 70.000000, 114, 131, 
trial0001574, 000600, AA, 1727, 14, 123.357143, GDX, 385, 6, 64.166667, ZIC, 468, 8, 58.500000, ZIP, 372, 4, 93.000000, 103, 112, 
trial0001575, 000600, AA, 1548, 14, 110.571429, GDX, 177, 6, 29.500000, ZIC, 981, 8, 122.625000, ZIP, 130, 4, 32.500000, 126, 151, 
trial0001576, 000600, AA, 2360, 14, 168.571429, GDX, 471, 6, 78.500000, ZIC, 600, 8, 75.000000, ZIP, 210, 4, 52.500000, 92, 149, 
trial0001577, 000600, AA, 1440, 14, 102.857143, GDX, 815, 6, 135.833333, ZIC, 520, 8, 65.000000, ZIP, 527, 4, 131.750000, 142, 146, 
trial0001578, 000600, AA, 1641, 14, 117.214286, GDX, 493, 6, 82.166667, ZIC, 460, 8, 57.500000, ZIP, 365, 4, 91.250000, 124, 166, 
trial0001579, 000600, AA, 1328, 14, 94.857143, GDX, 293, 6, 48.833333, ZIC, 415, 8, 51.875000, ZIP, 466, 4, 116.500000, 140, 141, 
trial0001580, 000600, AA, 1514, 14, 108.142857, GDX, 321, 6, 53.500000, ZIC, 597, 8, 74.625000, ZIP, 632, 4, 158.000000, 152, 156, 
trial0001581, 000600, AA, 1045, 14, 74.642857, GDX, 459, 6, 76.500000, ZIC, 587, 8, 73.375000, ZIP, 390, 4, 97.500000, 153, 167, 
trial0001582, 000600, AA, 2045, 14, 146.071429, GDX, 138, 6, 23.000000, ZIC, 445, 8, 55.625000, ZIP, 269, 4, 67.250000, 151, 167, 
trial0001583, 000600, AA, 1240, 14, 88.571429, GDX, 770, 6, 128.333333, ZIC, 204, 8, 25.500000, ZIP, 220, 4, 55.000000, 160, 163, 
trial0001584, 000600, AA, 1617, 14, 115.500000, GDX, 239, 6, 39.833333, ZIC, 253, 8, 31.625000, ZIP, 491, 4, 122.750000, 160, 192, 
trial0001585, 000600, AA, 1066, 14, 76.142857, GDX, 1109, 6, 184.833333, ZIC, 67, 8, 8.375000, ZIP, 441, 4, 110.250000, 137, 152, 
trial0001586, 000600, AA, 1660, 14, 118.571429, GDX, 657, 6, 109.500000, ZIC, 394, 8, 49.250000, ZIP, 204, 4, 51.000000, 148, 151, 
trial0001587, 000600, AA, 1549, 14, 110.642857, GDX, 19, 6, 3.166667, ZIC, 588, 8, 73.500000, ZIP, 591, 4, 147.750000, 138, 211, 
trial0001588, 000600, AA, 1529, 14, 109.214286, GDX, 371, 6, 61.833333, ZIC, 260, 8, 32.500000, ZIP, 766, 4, 191.500000, 138, 159, 
trial0001589, 000600, AA, 1710, 14, 122.142857, GDX, 846, 6, 141.000000, ZIC, 72, 8, 9.000000, ZIP, 18, 4, 4.500000, 166, 180, 
trial0001590, 000600, AA, 950, 14, 67.857143, GDX, 338, 6, 56.333333, ZIC, 774, 8, 96.750000, ZIP, 406, 4, 101.500000, 174, 180, 
trial0001591, 000600, AA, 1632, 14, 116.571429, GDX, 595, 6, 99.166667, ZIC, 563, 8, 70.375000, ZIP, 126, 4, 31.500000, 133, 167, 
trial0001592, 000600, AA, 1399, 14, 99.928571, GDX, 325, 6, 54.166667, ZIC, 608, 8, 76.000000, ZIP, 412, 4, 103.000000, 166, 167, 
trial0001593, 000600, AA, 1539, 14, 109.928571, GDX, 430, 6, 71.666667, ZIC, 500, 8, 62.500000, ZIP, 230, 4, 57.500000, 175, 176, 
trial0001594, 000600, AA, 1204, 14, 86.000000, GDX, 669, 6, 111.500000, ZIC, 575, 8, 71.875000, ZIP, 565, 4, 141.250000, 139, 146, 
trial0001595, 000600, AA, 1320, 14, 94.285714, GDX, 342, 6, 57.000000, ZIC, 657, 8, 82.125000, ZIP, 392, 4, 98.000000, 147, 154, 
trial0001596, 000600, AA, 1650, 14, 117.857143, GDX, 459, 6, 76.500000, ZIC, 209, 8, 26.125000, ZIP, 340, 4, 85.000000, 154, 155, 
trial0001597, 000600, AA, 1576, 14, 112.571429, GDX, 210, 6, 35.000000, ZIC, 685, 8, 85.625000, ZIP, 682, 4, 170.500000, 140, 150, 
trial0001598, 000600, AA, 756, 14, 54.000000, GDX, 553, 6, 92.166667, ZIC, 673, 8, 84.125000, ZIP, 663, 4, 165.750000, 139, 161, 
trial0001599, 000600, AA, 1637, 14, 116.928571, GDX, 519, 6, 86.500000, ZIC, 435, 8, 54.375000, ZIP, 334, 4, 83.500000, 164, 171, 
trial0001600, 000600, AA, 998, 14, 71.285714, GDX, 331, 6, 55.166667, ZIC, 635, 8, 79.375000, ZIP, 659, 4, 164.750000, 170, 183, 
trial0001601, 000600, AA, 1574, 14, 112.428571, GDX, 737, 6, 122.833333, ZIC, 511, 8, 63.875000, ZIP, 629, 4, 157.250000, 78, 79, 
trial0001602, 000600, AA, 1536, 14, 109.714286, GDX, 614, 6, 102.333333, ZIC, 226, 8, 28.250000, ZIP, 1073, 4, 268.250000, 56, 88, 
trial0001603, 000600, AA, 2585, 14, 184.642857, GDX, 341, 6, 56.833333, ZIC, 109, 8, 13.625000, ZIP, 251, 4, 62.750000, 86, 98, 
trial0001604, 000600, AA, 1733, 14, 123.785714, GDX, 459, 6, 76.500000, ZIC, 589, 8, 73.625000, ZIP, 692, 4, 173.000000, 81, 87, 
trial0001605, 000600, AA, 1978, 14, 141.285714, GDX, 76, 6, 12.666667, ZIC, 803, 8, 100.375000, ZIP, 567, 4, 141.750000, 75, 78, 
trial0001606, 000600, AA, 2447, 14, 174.785714, GDX, 358, 6, 59.666667, ZIC, 142, 8, 17.750000, ZIP, 707, 4, 176.750000, 79, 96, 
trial0001607, 000600, AA, 2104, 14, 150.285714, GDX, 763, 6, 127.166667, ZIC, 135, 8, 16.875000, ZIP, 727, 4, 181.750000, 80, 116, 
trial0001608, 000600, AA, 1659, 14, 118.500000, GDX, 289, 6, 48.166667, ZIC, 356, 8, 44.500000, ZIP, 266, 4, 66.500000, 79, 80, 
trial0001609, 000600, AA, 1550, 14, 110.714286, GDX, 868, 6, 144.666667, ZIC, 477, 8, 59.625000, ZIP, 54, 4, 13.500000, 118, 119, 
trial0001610, 000600, AA, 1478, 14, 105.571429, GDX, 406, 6, 67.666667, ZIC, 181, 8, 22.625000, ZIP, 524, 4, 131.000000, 88, 123, 
trial0001611, 000600, AA, 1444, 14, 103.142857, GDX, 417, 6, 69.500000, ZIC, 494, 8, 61.750000, ZIP, 754, 4, 188.500000, 90, 112, 
trial0001612, 000600, AA, 1938, 14, 138.428571, GDX, 54, 6, 9.000000, ZIC, 687, 8, 85.875000, ZIP, 342, 4, 85.500000, 89, 102, 
trial0001613, 000600, AA, 851, 14, 60.785714, GDX, 1273, 6, 212.166667, ZIC, 432, 8, 54.000000, ZIP, 1212, 4, 303.000000, 91, 92, 
trial0001614, 000600, AA, 2097, 14, 149.785714, GDX, 403, 6, 67.166667, ZIC, 91, 8, 11.375000, ZIP, 293, 4, 73.250000, 84, 119, 
trial0001615, 000600, AA, 1646, 14, 117.571429, GDX, 386, 6, 64.333333, ZIC, 907, 8, 113.375000, ZIP, 384, 4, 96.000000, 97, 117, 
trial0001616, 000600, AA, 1641, 14, 117.214286, GDX, 419, 6, 69.833333, ZIC, 573, 8, 71.625000, ZIP, 591, 4, 147.750000, 109, 127, 
trial0001617, 000600, AA, 1953, 14, 139.500000, GDX, 228, 6, 38.000000, ZIC, 194, 8, 24.250000, ZIP, 548, 4, 137.000000, 118, 132, 
trial0001618, 000600, AA, 2312, 14, 165.142857, GDX, 790, 6, 131.666667, ZIC, 378, 8, 47.250000, ZIP, 467, 4, 116.750000, 78, 95, 
trial0001619, 000600, AA, 1687, 14, 120.500000, GDX, 974, 6, 162.333333, ZIC, 1001, 8, 125.125000, ZIP, 75, 4, 18.750000, 83, 106, 
trial0001620, 000600, AA, 1860, 14, 132.857143, GDX, 795, 6, 132.500000, ZIC, 724, 8, 90.500000, ZIP, 244, 4, 61.000000, 81, 82, 
trial0001621, 000600, AA, 1428, 14, 102.000000, GDX, 250, 6, 41.666667, ZIC, 154, 8, 19.250000, ZIP, 0, 4, 0.000000, 111, 113, 
trial0001622, 000600, AA, 779, 14, 55.642857, GDX, 313, 6, 52.166667, ZIC, 370, 8, 46.250000, ZIP, 142, 4, 35.500000, 137, 142, 
trial0001623, 000600, AA, 778, 14, 55.571429, GDX, 372, 6, 62.000000, ZIC, 266, 8, 33.250000, ZIP, 224, 4, 56.000000, 127, 129, 
trial0001624, 000600, AA, 726, 14, 51.857143, GDX, 217, 6, 36.166667, ZIC, 332, 8, 41.500000, ZIP, 220, 4, 55.000000, 148, 158, 
trial0001625, 000600, AA, 1591, 14, 113.642857, GDX, 226, 6, 37.666667, ZIC, 64, 8, 8.000000, ZIP, 160, 4, 40.000000, 101, 120, 
trial0001626, 000600, AA, 1296, 14, 92.571429, GDX, 364, 6, 60.666667, ZIC, 199, 8, 24.875000, ZIP, 98, 4, 24.500000, 128, 131, 
trial0001627, 000600, AA, 1206, 14, 86.142857, GDX, 340, 6, 56.666667, ZIC, 365, 8, 45.625000, ZIP, 86, 4, 21.500000, 131, 163, 
trial0001628, 000600, AA, 361, 14, 25.785714, GDX, 655, 6, 109.166667, ZIC, 474, 8, 59.250000, ZIP, 309, 4, 77.250000, 140, 144, 
trial0001629, 000600, AA, 874, 14, 62.428571, GDX, 274, 6, 45.666667, ZIC, 147, 8, 18.375000, ZIP, 385, 4, 96.250000, 133, 142, 
trial0001630, 000600, AA, 1091, 14, 77.928571, GDX, 247, 6, 41.166667, ZIC, 187, 8, 23.375000, ZIP, 231, 4, 57.750000, 142, 143, 
trial0001631, 000600, AA, 1312, 14, 93.714286, GDX, 216, 6, 36.000000, ZIC, 219, 8, 27.375000, ZIP, 74, 4, 18.500000, 130, 131, 
trial0001632, 000600, AA, 802, 14, 57.285714, GDX, 553, 6, 92.166667, ZIC, 330, 8, 41.250000, ZIP, 58, 4, 14.500000, 134, 146, 
trial0001633, 000600, AA, 813, 14, 58.071429, GDX, 612, 6, 102.000000, ZIC, 199, 8, 24.875000, ZIP, 310, 4, 77.500000, 113, 130, 
trial0001634, 000600, AA, 554, 14, 39.571429, GDX, 396, 6, 66.000000, ZIC, 16, 8, 2.000000, ZIP, 243, 4, 60.750000, 125, 127, 
trial0001635, 000600, AA, 560, 14, 40.000000, GDX, 59, 6, 9.833333, ZIC, 354, 8, 44.250000, ZIP, 322, 4, 80.500000, 103, 111, 
trial0001636, 000600, AA, 1425, 14, 101.785714, GDX, 176, 6, 29.333333, ZIC, 217, 8, 27.125000, ZIP, 286, 4, 71.500000, 98, 106, 
trial0001637, 000600, AA, 660, 14, 47.142857, GDX, 449, 6, 74.833333, ZIC, 231, 8, 28.875000, ZIP, 362, 4, 90.500000, 134, 137, 
trial0001638, 000600, AA, 936, 14, 66.857143, GDX, 174, 6, 29.000000, ZIC, 306, 8, 38.250000, ZIP, 431, 4, 107.750000, 129, 147, 
trial0001639, 000600, AA, 792, 14, 56.571429, GDX, 91, 6, 15.166667, ZIC, 290, 8, 36.250000, ZIP, 207, 4, 51.750000, 134, 138, 
trial0001640, 000600, AA, 755, 14, 53.928571, GDX, 247, 6, 41.166667, ZIC, 356, 8, 44.500000, ZIP, 359, 4, 89.750000, 107, 114, 
trial0001641, 000600, AA, 1504, 14, 107.428571, GDX, 331, 6, 55.166667, ZIC, 128, 8, 16.000000, ZIP, 211, 4, 52.750000, 137, 145, 
trial0001642, 000600, AA, 1290, 14, 92.142857, GDX, 41, 6, 6.833333, ZIC, 664, 8, 83.000000, ZIP, 352, 4, 88.000000, 97, 122, 
trial0001643, 000600, AA, 983, 14, 70.214286, GDX, 632, 6, 105.333333, ZIC, 293, 8, 36.625000, ZIP, 68, 4, 17.000000, 127, 130, 
trial0001644, 000600, AA, 853, 14, 60.928571, GDX, 384, 6, 64.000000, ZIC, 159, 8, 19.875000, ZIP, 297, 4, 74.250000, 118, 123, 
trial0001645, 000600, AA, 1218, 14, 87.000000, GDX, 208, 6, 34.666667, ZIC, 258, 8, 32.250000, ZIP, 516, 4, 129.000000, 122, 124, 
trial0001646, 000600, AA, 1058, 14, 75.571429, GDX, 242, 6, 40.333333, ZIC, 194, 8, 24.250000, ZIP, 340, 4, 85.000000, 92, 115, 
trial0001647, 000600, AA, 1137, 14, 81.214286, GDX, 81, 6, 13.500000, ZIC, 336, 8, 42.000000, ZIP, 308, 4, 77.000000, 127, 153, 
trial0001648, 000600, AA, 656, 14, 46.857143, GDX, 430, 6, 71.666667, ZIC, 366, 8, 45.750000, ZIP, 512, 4, 128.000000, 125, 147, 
trial0001649, 000600, AA, 1395, 14, 99.642857, GDX, 198, 6, 33.000000, ZIC, 190, 8, 23.750000, ZIP, 444, 4, 111.000000, 86, 91, 
trial0001650, 000600, AA, 341, 14, 24.357143, GDX, 316, 6, 52.666667, ZIC, 409, 8, 51.125000, ZIP, 208, 4, 52.000000, 96, 126, 
trial0001651, 000600, AA, 1306, 14, 93.285714, GDX, 16, 6, 2.666667, ZIC, 123, 8, 15.375000, ZIP, 507, 4, 126.750000, 95, 99, 
trial0001652, 000600, AA, 1185, 14, 84.642857, GDX, 59, 6, 9.833333, ZIC, 57, 8, 7.125000, ZIP, 107, 4, 26.750000, 118, 125, 
trial0001653, 000600, AA, 1239, 14, 88.500000, GDX, 729, 6, 121.500000, ZIC, 33, 8, 4.125000, ZIP, 634, 4, 158.500000, 98, 99, 
trial0001654, 000600, AA, 459, 14, 32.785714, GDX, 750, 6, 125.000000, ZIC, 151, 8, 18.875000, ZIP, 556, 4, 139.000000, 100, 109, 
trial0001655, 000600, AA, 855, 14, 61.071429, GDX, 273, 6, 45.500000, ZIC, 387, 8, 48.375000, ZIP, 442, 4, 110.500000, 100, 106, 
trial0001656, 000600, AA, 822, 14, 58.714286, GDX, 431, 6, 71.833333, ZIC, 310, 8, 38.750000, ZIP, 268, 4, 67.000000, 108, 121, 
trial0001657, 000600, AA, 1545, 14, 110.357143, GDX, 202, 6, 33.666667, ZIC, 274, 8, 34.250000, ZIP, 231, 4, 57.750000, 129, 134, 
trial0001658, 000600, AA, 648, 14, 46.285714, GDX, 728, 6, 121.333333, ZIC, 229, 8, 28.625000, ZIP, 1030, 4, 257.500000, 138, 140, 
trial0001659, 000600, AA, 1125, 14, 80.357143, GDX, 130, 6, 21.666667, ZIC, 536, 8, 67.000000, ZIP, 259, 4, 64.750000, 124, 131, 
trial0001660, 000600, AA, 1085, 14, 77.500000, GDX, 140, 6, 23.333333, ZIC, 131, 8, 16.375000, ZIP, 681, 4, 170.250000, 129, 142, 
trial0001661, 000600, AA, 817, 14, 58.357143, GDX, 124, 6, 20.666667, ZIC, 124, 8, 15.500000, ZIP, 165, 4, 41.250000, 127, 130, 
trial0001662, 000600, AA, 617, 14, 44.071429, GDX, 219, 6, 36.500000, ZIC, 218, 8, 27.250000, ZIP, 382, 4, 95.500000, 106, 111, 
trial0001663, 000600, AA, 685, 14, 48.928571, GDX, 216, 6, 36.000000, ZIC, 187, 8, 23.375000, ZIP, 182, 4, 45.500000, 114, 127, 
trial0001664, 000600, AA, 428, 14, 30.571429, GDX, 104, 6, 17.333333, ZIC, 342, 8, 42.750000, ZIP, 170, 4, 42.500000, 136, 138, 
trial0001665, 000600, AA, 558, 14, 39.857143, GDX, 276, 6, 46.000000, ZIC, 58, 8, 7.250000, ZIP, 439, 4, 109.750000, 115, 120, 
trial0001666, 000600, AA, 568, 14, 40.571429, GDX, 245, 6, 40.833333, ZIC, 111, 8, 13.875000, ZIP, 300, 4, 75.000000, 116, 149, 
trial0001667, 000600, AA, 707, 14, 50.500000, GDX, 131, 6, 21.833333, ZIC, 212, 8, 26.500000, ZIP, 316, 4, 79.000000, 126, 130, 
trial0001668, 000600, AA, 595, 14, 42.500000, GDX, 103, 6, 17.166667, ZIC, 69, 8, 8.625000, ZIP, 480, 4, 120.000000, 114, 143, 
trial0001669, 000600, AA, 417, 14, 29.785714, GDX, 292, 6, 48.666667, ZIC, 195, 8, 24.375000, ZIP, 83, 4, 20.750000, 124, 126, 
trial0001670, 000600, AA, 338, 14, 24.142857, GDX, 388, 6, 64.666667, ZIC, 314, 8, 39.250000, ZIP, 221, 4, 55.250000, 133, 146, 
trial0001671, 000600, AA, 781, 14, 55.785714, GDX, 166, 6, 27.666667, ZIC, 182, 8, 22.750000, ZIP, 306, 4, 76.500000, 84, 86, 
trial0001672, 000600, AA, 666, 14, 47.571429, GDX, 181, 6, 30.166667, ZIC, 130, 8, 16.250000, ZIP, 279, 4, 69.750000, 117, 137, 
trial0001673, 000600, AA, 759, 14, 54.214286, GDX, 111, 6, 18.500000, ZIC, 210, 8, 26.250000, ZIP, 96, 4, 24.000000, 140, 142, 
trial0001674, 000600, AA, 675, 14, 48.214286, GDX, 82, 6, 13.666667, ZIC, 201, 8, 25.125000, ZIP, 261, 4, 65.250000, 109, 122, 
trial0001675, 000600, AA, 546, 14, 39.000000, GDX, 363, 6, 60.500000, ZIC, 286, 8, 35.750000, ZIP, 164, 4, 41.000000, 87, 98, 
trial0001676, 000600, AA, 714, 14, 51.000000, GDX, 214, 6, 35.666667, ZIC, 181, 8, 22.625000, ZIP, 523, 4, 130.750000, 120, 127, 
trial0001677, 000600, AA, 837, 14, 59.785714, GDX, 307, 6, 51.166667, ZIC, 151, 8, 18.875000, ZIP, 18, 4, 4.500000, 86, 90, 
trial0001678, 000600, AA, 891, 14, 63.642857, GDX, 178, 6, 29.666667, ZIC, 91, 8, 11.375000, ZIP, 327, 4, 81.750000, 100, 102, 
trial0001679, 000600, AA, 541, 14, 38.642857, GDX, 318, 6, 53.000000, ZIC, 69, 8, 8.625000, ZIP, 88, 4, 22.000000, 101, 105, 
trial0001680, 000600, AA, 701, 14, 50.071429, GDX, 99, 6, 16.500000, ZIC, 167, 8, 20.875000, ZIP, 145, 4, 36.250000, 111, 112, 
trial0001681, 000600, AA, 910, 14, 65.000000, GDX, 391, 6, 65.166667, ZIC, 682, 8, 85.250000, ZIP, 852, 4, 213.000000, 79, 119, 
trial0001682, 000600, AA, 1301, 14, 92.928571, GDX, 351, 6, 58.500000, ZIC, 443, 8, 55.375000, ZIP, 37, 4, 9.250000, 137, 141, 
trial0001683, 000600, AA, 636, 14, 45.428571, GDX, 689, 6, 114.833333, ZIC, 412, 8, 51.500000, ZIP, 436, 4, 109.000000, 102, 154, 
trial0001684, 000600, AA, 1306, 14, 93.285714, GDX, 446, 6, 74.333333, ZIC, 367, 8, 45.875000, ZIP, 865, 4, 216.250000, 87, 94, 
trial0001685, 000600, AA, 1540, 14, 110.000000, GDX, 465, 6, 77.500000, ZIC, 314, 8, 39.250000, ZIP, 499, 4, 124.750000, 97, 115, 
trial0001686, 000600, AA, 1802, 14, 128.714286, GDX, 460, 6, 76.666667, ZIC, 2670, 8, 333.750000, ZIP, 693, 4, 173.250000, 125, 126, 
trial0001687, 000600, AA, 931, 14, 66.500000, GDX, 1273, 6, 212.166667, ZIC, 2166, 8, 270.750000, ZIP, 1430, 4, 357.500000, 117, 143, 
trial0001688, 000600, AA, 3360, 14, 240.000000, GDX, 1173, 6, 195.500000, ZIC, 436, 8, 54.500000, ZIP, 591, 4, 147.750000, 110, 111, 
trial0001689, 000600, AA, 2744, 14, 196.000000, GDX, 203, 6, 33.833333, ZIC, 1897, 8, 237.125000, ZIP, 646, 4, 161.500000, 154, 161, 
trial0001690, 000600, AA, 1729, 14, 123.500000, GDX, 1189, 6, 198.166667, ZIC, 2009, 8, 251.125000, ZIP, 1160, 4, 290.000000, 100, 107, 
trial0001691, 000600, AA, 2029, 14, 144.928571, GDX, 899, 6, 149.833333, ZIC, 1661, 8, 207.625000, ZIP, 926, 4, 231.500000, 119, 136, 
trial0001692, 000600, AA, 4049, 14, 289.214286, GDX, 769, 6, 128.166667, ZIC, 506, 8, 63.250000, ZIP, 347, 4, 86.750000, 111, 146, 
trial0001693, 000600, AA, 3334, 14, 238.142857, GDX, 380, 6, 63.333333, ZIC, 1425, 8, 178.125000, ZIP, 573, 4, 143.250000, 140, 142, 
trial0001694, 000600, AA, 2201, 14, 157.214286, GDX, 1064, 6, 177.333333, ZIC, 1177, 8, 147.125000, ZIP, 914, 4, 228.500000, 136, 144, 
trial0001695, 000600, AA, 2668, 14, 190.571429, GDX, 978, 6, 163.000000, ZIC, 750, 8, 93.750000, ZIP, 1359, 4, 339.750000, 122, 126, 
trial0001696, 000600, AA, 2265, 14, 161.785714, GDX, 1093, 6, 182.166667, ZIC, 827, 8, 103.375000, ZIP, 1550, 4, 387.500000, 120, 126, 
trial0001697, 000600, AA, 3386, 14, 241.857143, GDX, 554, 6, 92.333333, ZIC, 1544, 8, 193.000000, ZIP, 22, 4, 5.500000, 128, 136, 
trial0001698, 000600, AA, 2020, 14, 144.285714, GDX, 567, 6, 94.500000, ZIC, 1249, 8, 156.125000, ZIP, 1171, 4, 292.750000, 127, 128, 
trial0001699, 000600, AA, 2515, 14, 179.642857, GDX, 2081, 6, 346.833333, ZIC, 199, 8, 24.875000, ZIP, 947, 4, 236.750000, 109, 121, 
trial0001700, 000600, AA, 1647, 14, 117.642857, GDX, 1369, 6, 228.166667, ZIC, 726, 8, 90.750000, ZIP, 893, 4, 223.250000, 105, 117, 
trial0001701, 000600, AA, 323, 14, 23.071429, GDX, 100, 6, 16.666667, ZIC, 179, 8, 22.375000, ZIP, 338, 4, 84.500000, 117, 119, 
trial0001702, 000600, AA, 727, 14, 51.928571, GDX, 146, 6, 24.333333, ZIC, 64, 8, 8.000000, ZIP, 96, 4, 24.000000, 122, 125, 
trial0001703, 000600, AA, 506, 14, 36.142857, GDX, 200, 6, 33.333333, ZIC, 135, 8, 16.875000, ZIP, 108, 4, 27.000000, 129, 137, 
trial0001704, 000600, AA, 273, 14, 19.500000, GDX, 140, 6, 23.333333, ZIC, 36, 8, 4.500000, ZIP, 463, 4, 115.750000, 100, 110, 
trial0001705, 000600, AA, 687, 14, 49.071429, GDX, 336, 6, 56.000000, ZIC, 142, 8, 17.750000, ZIP, 6, 4, 1.500000, 96, 102, 
trial0001706, 000600, AA, 557, 14, 39.785714, GDX, 131, 6, 21.833333, ZIC, 372, 8, 46.500000, ZIP, 58, 4, 14.500000, 129, 130, 
trial0001707, 000600, AA, 446, 14, 31.857143, GDX, 198, 6, 33.000000, ZIC, 6, 8, 0.750000, ZIP, 170, 4, 42.500000, 139, 145, 
trial0001708, 000600, AA, 281, 14, 20.071429, GDX, 82, 6, 13.666667, ZIC, 439, 8, 54.875000, ZIP, 104, 4, 26.000000, 136, 146, 
trial0001709, 000600, AA, 639, 14, 45.642857, GDX, 219, 6, 36.500000, ZIC, 105, 8, 13.125000, ZIP, 156, 4, 39.000000, 130, 148, 
trial0001710, 000600, AA, 895, 14, 63.928571, GDX, 158, 6, 26.333333, ZIC, 86, 8, 10.750000, ZIP, 285, 4, 71.250000, 130, 135, 
trial0001711, 000600, AA, 592, 14, 42.285714, GDX, 191, 6, 31.833333, ZIC, 57, 8, 7.125000, ZIP, 236, 4, 59.000000, 110, 122, 
trial0001712, 000600, AA, 593, 14, 42.357143, GDX, 44, 6, 7.333333, ZIC, 341, 8, 42.625000, ZIP, 192, 4, 48.000000, 110, 111, 
trial0001713, 000600, AA, 779, 14, 55.642857, GDX, 229, 6, 38.166667, ZIC, 20, 8, 2.500000, ZIP, 143, 4, 35.750000, 103, 104, 
trial0001714, 000600, AA, 463, 14, 33.071429, GDX, 153, 6, 25.500000, ZIC, 16, 8, 2.000000, ZIP, 214, 4, 53.500000, 124, 130, 
trial0001715, 000600, AA, 703, 14, 50.214286, GDX, 170, 6, 28.333333, ZIC, 13, 8, 1.625000, ZIP, 152, 4, 38.000000, 108, 115, 
trial0001716, 000600, AA, 620, 14, 44.285714, GDX, 63, 6, 10.500000, ZIC, 87, 8, 10.875000, ZIP, 101, 4, 25.250000, 125, 142, 
trial0001717, 000600, AA, 465, 14, 33.214286, GDX, 136, 6, 22.666667, ZIC, 79, 8, 9.875000, ZIP, 182, 4, 45.500000, 104, 106, 
trial0001718, 000600, AA, 531, 14, 37.928571, GDX, 395, 6, 65.833333, ZIC, 149, 8, 18.625000, ZIP, 37, 4, 9.250000, 127, 144, 
trial0001719, 000600, AA, 640, 14, 45.714286, GDX, 308, 6, 51.333333, ZIC, 248, 8, 31.000000, ZIP, 123, 4, 30.750000, 100, 112, 
trial0001720, 000600, AA, 537, 14, 38.357143, GDX, 119, 6, 19.833333, ZIC, 168, 8, 21.000000, ZIP, 110, 4, 27.500000, 119, 122, 
trial0001721, 000600, AA, 847, 14, 60.500000, GDX, 272, 6, 45.333333, ZIC, 729, 8, 91.125000, ZIP, 894, 4, 223.500000, 120, 130, 
trial0001722, 000600, AA, 1532, 14, 109.428571, GDX, 594, 6, 99.000000, ZIC, 118, 8, 14.750000, ZIP, 768, 4, 192.000000, 103, 111, 
trial0001723, 000600, AA, 1430, 14, 102.142857, GDX, 396, 6, 66.000000, ZIC, 398, 8, 49.750000, ZIP, 401, 4, 100.250000, 112, 118, 
trial0001724, 000600, AA, 1787, 14, 127.642857, GDX, 141, 6, 23.500000, ZIC, 399, 8, 49.875000, ZIP, 684, 4, 171.000000, 147, 162, 
trial0001725, 000600, AA, 1551, 14, 110.785714, GDX, 587, 6, 97.833333, ZIC, 705, 8, 88.125000, ZIP, 192, 4, 48.000000, 155, 186, 
trial0001726, 000600, AA, 1270, 14, 90.714286, GDX, 287, 6, 47.833333, ZIC, 181, 8, 22.625000, ZIP, 862, 4, 215.500000, 157, 161, 
trial0001727, 000600, AA, 1648, 14, 117.714286, GDX, 99, 6, 16.500000, ZIC, 399, 8, 49.875000, ZIP, 645, 4, 161.250000, 155, 175, 
trial0001728, 000600, AA, 953, 14, 68.071429, GDX, 541, 6, 90.166667, ZIC, 269, 8, 33.625000, ZIP, 302, 4, 75.500000, 135, 168, 
trial0001729, 000600, AA, 1234, 14, 88.142857, GDX, 326, 6, 54.333333, ZIC, 728, 8, 91.000000, ZIP, 360, 4, 90.000000, 135, 161, 
trial0001730, 000600, AA, 1645, 14, 117.500000, GDX, 346, 6, 57.666667, ZIC, 141, 8, 17.625000, ZIP, 610, 4, 152.500000, 133, 144, 
trial0001731, 000600, AA, 909, 14, 64.928571, GDX, 297, 6, 49.500000, ZIC, 805, 8, 100.625000, ZIP, 642, 4, 160.500000, 149, 157, 
trial0001732, 000600, AA, 1479, 14, 105.642857, GDX, 861, 6, 143.500000, ZIC, 114, 8, 14.250000, ZIP, 363, 4, 90.750000, 120, 145, 
trial0001733, 000600, AA, 1795, 14, 128.214286, GDX, 345, 6, 57.500000, ZIC, 279, 8, 34.875000, ZIP, 180, 4, 45.000000, 145, 153, 
trial0001734, 000600, AA, 829, 14, 59.214286, GDX, 280, 6, 46.666667, ZIC, 616, 8, 77.000000, ZIP, 1047, 4, 261.750000, 129, 149, 
trial0001735, 000600, AA, 1046, 14, 74.714286, GDX, 1081, 6, 180.166667, ZIC, 165, 8, 20.625000, ZIP, 513, 4, 128.250000, 133, 188, 
trial0001736, 000600, AA, 1468, 14, 104.857143, GDX, 265, 6, 44.166667, ZIC, 327, 8, 40.875000, ZIP, 665, 4, 166.250000, 142, 143, 
trial0001737, 000600, AA, 1894, 14, 135.285714, GDX, 606, 6, 101.000000, ZIC, 420, 8, 52.500000, ZIP, 42, 4, 10.500000, 142, 152, 
trial0001738, 000600, AA, 1887, 14, 134.785714, GDX, 770, 6, 128.333333, ZIC, 113, 8, 14.125000, ZIP, 205, 4, 51.250000, 124, 146, 
trial0001739, 000600, AA, 1725, 14, 123.214286, GDX, 247, 6, 41.166667, ZIC, 394, 8, 49.250000, ZIP, 309, 4, 77.250000, 118, 119, 
trial0001740, 000600, AA, 1644, 14, 117.428571, GDX, 145, 6, 24.166667, ZIC, 611, 8, 76.375000, ZIP, 275, 4, 68.750000, 130, 170, 
trial0001741, 000600, AA, 783, 14, 55.928571, GDX, 655, 6, 109.166667, ZIC, 429, 8, 53.625000, ZIP, 437, 4, 109.250000, 97, 108, 
trial0001742, 000600, AA, 627, 14, 44.785714, GDX, 333, 6, 55.500000, ZIC, 655, 8, 81.875000, ZIP, 683, 4, 170.750000, 99, 100, 
trial0001743, 000600, AA, 945, 14, 67.500000, GDX, 81, 6, 13.500000, ZIC, 218, 8, 27.250000, ZIP, 313, 4, 78.250000, 119, 120, 
trial0001744, 000600, AA, 1009, 14, 72.071429, GDX, 383, 6, 63.833333, ZIC, 583, 8, 72.875000, ZIP, 476, 4, 119.000000, 114, 136, 
trial0001745, 000600, AA, 880, 14, 62.857143, GDX, 374, 6, 62.333333, ZIC, 355, 8, 44.375000, ZIP, 310, 4, 77.500000, 113, 123, 
trial0001746, 000600, AA, 790, 14, 56.428571, GDX, 299, 6, 49.833333, ZIC, 365, 8, 45.625000, ZIP, 374, 4, 93.500000, 102, 106, 
trial0001747, 000600, AA, 710, 14, 50.714286, GDX, 188, 6, 31.333333, ZIC, 421, 8, 52.625000, ZIP, 172, 4, 43.000000, 114, 118, 
trial0001748, 000600, AA, 1272, 14, 90.857143, GDX, 649, 6, 108.166667, ZIC, 240, 8, 30.000000, ZIP, 207, 4, 51.750000, 120, 130, 
trial0001749, 000600, AA, 999, 14, 71.357143, GDX, 437, 6, 72.833333, ZIC, 382, 8, 47.750000, ZIP, 537, 4, 134.250000, 90, 96, 
trial0001750, 000600, AA, 739, 14, 52.785714, GDX, 388, 6, 64.666667, ZIC, 533, 8, 66.625000, ZIP, 626, 4, 156.500000, 101, 119, 
trial0001751, 000600, AA, 984, 14, 70.285714, GDX, 235, 6, 39.166667, ZIC, 393, 8, 49.125000, ZIP, 227, 4, 56.750000, 115, 120, 
trial0001752, 000600, AA, 1143, 14, 81.642857, GDX, 406, 6, 67.666667, ZIC, 240, 8, 30.000000, ZIP, 291, 4, 72.750000, 104, 110, 
trial0001753, 000600, AA, 1128, 14, 80.571429, GDX, 319, 6, 53.166667, ZIC, 817, 8, 102.125000, ZIP, 438, 4, 109.500000, 73, 86, 
trial0001754, 000600, AA, 815, 14, 58.214286, GDX, 152, 6, 25.333333, ZIC, 407, 8, 50.875000, ZIP, 317, 4, 79.250000, 119, 131, 
trial0001755, 000600, AA, 588, 14, 42.000000, GDX, 315, 6, 52.500000, ZIC, 296, 8, 37.000000, ZIP, 684, 4, 171.000000, 109, 117, 
trial0001756, 000600, AA, 811, 14, 57.928571, GDX, 183, 6, 30.500000, ZIC, 475, 8, 59.375000, ZIP, 406, 4, 101.500000, 83, 104, 
trial0001757, 000600, AA, 803, 14, 57.357143, GDX, 318, 6, 53.000000, ZIC, 251, 8, 31.375000, ZIP, 217, 4, 54.250000, 115, 118, 
trial0001758, 000600, AA, 1485, 14, 106.071429, GDX, 25, 6, 4.166667, ZIC, 465, 8, 58.125000, ZIP, 443, 4, 110.750000, 85, 92, 
trial0001759, 000600, AA, 1282, 14, 91.571429, GDX, 439, 6, 73.166667, ZIC, 65, 8, 8.125000, ZIP, 488, 4, 122.000000, 93, 117, 
trial0001760, 000600, AA, 540, 14, 38.571429, GDX, 532, 6, 88.666667, ZIC, 416, 8, 52.000000, ZIP, 664, 4, 166.000000, 84, 92, 
trial0001761, 000600, AA, 1366, 14, 97.571429, GDX, 693, 6, 115.500000, ZIC, 695, 8, 86.875000, ZIP, 699, 4, 174.750000, 131, 133, 
trial0001762, 000600, AA, 1569, 14, 112.071429, GDX, 533, 6, 88.833333, ZIC, 347, 8, 43.375000, ZIP, 583, 4, 145.750000, 118, 132, 
trial0001763, 000600, AA, 2110, 14, 150.714286, GDX, 272, 6, 45.333333, ZIC, 475, 8, 59.375000, ZIP, 220, 4, 55.000000, 103, 117, 
trial0001764, 000600, AA, 1016, 14, 72.571429, GDX, 432, 6, 72.000000, ZIC, 586, 8, 73.250000, ZIP, 349, 4, 87.250000, 122, 124, 
trial0001765, 000600, AA, 1799, 14, 128.500000, GDX, 373, 6, 62.166667, ZIC, 486, 8, 60.750000, ZIP, 223, 4, 55.750000, 140, 144, 
trial0001766, 000600, AA, 1757, 14, 125.500000, GDX, 270, 6, 45.000000, ZIC, 773, 8, 96.625000, ZIP, 727, 4, 181.750000, 97, 141, 
trial0001767, 000600, AA, 1490, 14, 106.428571, GDX, 623, 6, 103.833333, ZIC, 83, 8, 10.375000, ZIP, 645, 4, 161.250000, 141, 148, 
trial0001768, 000600, AA, 1534, 14, 109.571429, GDX, 192, 6, 32.000000, ZIC, 824, 8, 103.000000, ZIP, 147, 4, 36.750000, 132, 145, 
trial0001769, 000600, AA, 1413, 14, 100.928571, GDX, 426, 6, 71.000000, ZIC, 283, 8, 35.375000, ZIP, 357, 4, 89.250000, 131, 132, 
trial0001770, 000600, AA, 2320, 14, 165.714286, GDX, 103, 6, 17.166667, ZIC, 183, 8, 22.875000, ZIP, 503, 4, 125.750000, 139, 160, 
trial0001771, 000600, AA, 1251, 14, 89.357143, GDX, 117, 6, 19.500000, ZIC, 1003, 8, 125.375000, ZIP, 282, 4, 70.500000, 126, 127, 
trial0001772, 000600, AA, 1477, 14, 105.500000, GDX, 802, 6, 133.666667, ZIC, 245, 8, 30.625000, ZIP, 432, 4, 108.000000, 124, 142, 
trial0001773, 000600, AA, 1607, 14, 114.785714, GDX, 749, 6, 124.833333, ZIC, 698, 8, 87.250000, ZIP, 657, 4, 164.250000, 86, 107, 
trial0001774, 000600, AA, 939, 14, 67.071429, GDX, 410, 6, 68.333333, ZIC, 1046, 8, 130.750000, ZIP, 298, 4, 74.500000, 114, 128, 
trial0001775, 000600, AA, 1144, 14, 81.714286, GDX, 400, 6, 66.666667, ZIC, 313, 8, 39.125000, ZIP, 443, 4, 110.750000, 134, 154, 
trial0001776, 000600, AA, 1047, 14, 74.785714, GDX, 663, 6, 110.500000, ZIC, 1049, 8, 131.125000, ZIP, 545, 4, 136.250000, 107, 109, 
trial0001777, 000600, AA, 2046, 14, 146.142857, GDX, 201, 6, 33.500000, ZIC, 475, 8, 59.375000, ZIP, 286, 4, 71.500000, 104, 124, 
trial0001778, 000600, AA, 962, 14, 68.714286, GDX, 129, 6, 21.500000, ZIC, 753, 8, 94.125000, ZIP, 779, 4, 194.750000, 107, 114, 
trial0001779, 000600, AA, 1439, 14, 102.785714, GDX, 182, 6, 30.333333, ZIC, 592, 8, 74.000000, ZIP, 29, 4, 7.250000, 110, 119, 
trial0001780, 000600, AA, 1051, 14, 75.071429, GDX, 182, 6, 30.333333, ZIC, 932, 8, 116.500000, ZIP, 499, 4, 124.750000, 116, 129, 
trial0001781, 000600, AA, 1177, 14, 84.071429, GDX, 220, 6, 36.666667, ZIC, 435, 8, 54.375000, ZIP, 419, 4, 104.750000, 126, 127, 
trial0001782, 000600, AA, 1524, 14, 108.857143, GDX, 617, 6, 102.833333, ZIC, 54, 8, 6.750000, ZIP, 435, 4, 108.750000, 141, 181, 
trial0001783, 000600, AA, 911, 14, 65.071429, GDX, 388, 6, 64.666667, ZIC, 153, 8, 19.125000, ZIP, 565, 4, 141.250000, 145, 161, 
trial0001784, 000600, AA, 1256, 14, 89.714286, GDX, 683, 6, 113.833333, ZIC, 205, 8, 25.625000, ZIP, 473, 4, 118.250000, 176, 187, 
trial0001785, 000600, AA, 1327, 14, 94.785714, GDX, 460, 6, 76.666667, ZIC, 309, 8, 38.625000, ZIP, 407, 4, 101.750000, 123, 182, 
trial0001786, 000600, AA, 891, 14, 63.642857, GDX, 419, 6, 69.833333, ZIC, 448, 8, 56.000000, ZIP, 612, 4, 153.000000, 142, 177, 
trial0001787, 000600, AA, 1123, 14, 80.214286, GDX, 159, 6, 26.500000, ZIC, 469, 8, 58.625000, ZIP, 308, 4, 77.000000, 153, 168, 
trial0001788, 000600, AA, 918, 14, 65.571429, GDX, 442, 6, 73.666667, ZIC, 300, 8, 37.500000, ZIP, 126, 4, 31.500000, 144, 154, 
trial0001789, 000600, AA, 1117, 14, 79.785714, GDX, 719, 6, 119.833333, ZIC, 382, 8, 47.750000, ZIP, 50, 4, 12.500000, 136, 156, 
trial0001790, 000600, AA, 646, 14, 46.142857, GDX, 492, 6, 82.000000, ZIC, 645, 8, 80.625000, ZIP, 165, 4, 41.250000, 141, 153, 
trial0001791, 000600, AA, 1258, 14, 89.857143, GDX, 448, 6, 74.666667, ZIC, 157, 8, 19.625000, ZIP, 322, 4, 80.500000, 140, 142, 
trial0001792, 000600, AA, 1671, 14, 119.357143, GDX, 377, 6, 62.833333, ZIC, 162, 8, 20.250000, ZIP, 106, 4, 26.500000, 106, 149, 
trial0001793, 000600, AA, 1887, 14, 134.785714, GDX, 104, 6, 17.333333, ZIC, 80, 8, 10.000000, ZIP, 379, 4, 94.750000, 164, 168, 
trial0001794, 000600, AA, 1645, 14, 117.500000, GDX, 168, 6, 28.000000, ZIC, 258, 8, 32.250000, ZIP, 224, 4, 56.000000, 130, 136, 
trial0001795, 000600, AA, 1216, 14, 86.857143, GDX, 880, 6, 146.666667, ZIC, 424, 8, 53.000000, ZIP, 93, 4, 23.250000, 115, 118, 
trial0001796, 000600, AA, 871, 14, 62.214286, GDX, 614, 6, 102.333333, ZIC, 353, 8, 44.125000, ZIP, 86, 4, 21.500000, 165, 166, 
trial0001797, 000600, AA, 858, 14, 61.285714, GDX, 295, 6, 49.166667, ZIC, 203, 8, 25.375000, ZIP, 644, 4, 161.000000, 113, 142, 
trial0001798, 000600, AA, 1419, 14, 101.357143, GDX, 261, 6, 43.500000, ZIC, 425, 8, 53.125000, ZIP, 354, 4, 88.500000, 128, 154, 
trial0001799, 000600, AA, 1878, 14, 134.142857, GDX, 145, 6, 24.166667, ZIC, 192, 8, 24.000000, ZIP, 603, 4, 150.750000, 132, 133, 
trial0001800, 000600, AA, 1701, 14, 121.500000, GDX, 437, 6, 72.833333, ZIC, 152, 8, 19.000000, ZIP, 199, 4, 49.750000, 145, 148, 
trial0001801, 000600, AA, 1325, 14, 94.642857, GDX, 542, 6, 90.333333, ZIC, 488, 8, 61.000000, ZIP, 239, 4, 59.750000, 137, 188, 
trial0001802, 000600, AA, 1589, 14, 113.500000, GDX, 305, 6, 50.833333, ZIC, 865, 8, 108.125000, ZIP, 183, 4, 45.750000, 191, 197, 
trial0001803, 000600, AA, 1682, 14, 120.142857, GDX, 533, 6, 88.833333, ZIC, 479, 8, 59.875000, ZIP, 390, 4, 97.500000, 175, 178, 
trial0001804, 000600, AA, 1756, 14, 125.428571, GDX, 455, 6, 75.833333, ZIC, 692, 8, 86.500000, ZIP, 479, 4, 119.750000, 154, 158, 
trial0001805, 000600, AA, 1790, 14, 127.857143, GDX, 308, 6, 51.333333, ZIC, 373, 8, 46.625000, ZIP, 499, 4, 124.750000, 152, 176, 
trial0001806, 000600, AA, 1995, 14, 142.500000, GDX, 541, 6, 90.166667, ZIC, 202, 8, 25.250000, ZIP, 80, 4, 20.000000, 142, 155, 
trial0001807, 000600, AA, 1007, 14, 71.928571, GDX, 394, 6, 65.666667, ZIC, 1088, 8, 136.000000, ZIP, 367, 4, 91.750000, 162, 167, 
trial0001808, 000600, AA, 1319, 14, 94.214286, GDX, 301, 6, 50.166667, ZIC, 826, 8, 103.250000, ZIP, 384, 4, 96.000000, 142, 152, 
trial0001809, 000600, AA, 1494, 14, 106.714286, GDX, 273, 6, 45.500000, ZIC, 735, 8, 91.875000, ZIP, 399, 4, 99.750000, 168, 173, 
trial0001810, 000600, AA, 1473, 14, 105.214286, GDX, 89, 6, 14.833333, ZIC, 531, 8, 66.375000, ZIP, 294, 4, 73.500000, 170, 174, 
trial0001811, 000600, AA, 1319, 14, 94.214286, GDX, 543, 6, 90.500000, ZIC, 650, 8, 81.250000, ZIP, 367, 4, 91.750000, 166, 167, 
trial0001812, 000600, AA, 2297, 14, 164.071429, GDX, 425, 6, 70.833333, ZIC, 217, 8, 27.125000, ZIP, 483, 4, 120.750000, 136, 164, 
trial0001813, 000600, AA, 948, 14, 67.714286, GDX, 648, 6, 108.000000, ZIC, 1053, 8, 131.625000, ZIP, 75, 4, 18.750000, 177, 187, 
trial0001814, 000600, AA, 1836, 14, 131.142857, GDX, 193, 6, 32.166667, ZIC, 324, 8, 40.500000, ZIP, 79, 4, 19.750000, 181, 190, 
trial0001815, 000600, AA, 1621, 14, 115.785714, GDX, 478, 6, 79.666667, ZIC, 172, 8, 21.500000, ZIP, 415, 4, 103.750000, 151, 154, 
trial0001816, 000600, AA, 1320, 14, 94.285714, GDX, 6, 6, 1.000000, ZIC, 624, 8, 78.000000, ZIP, 756, 4, 189.000000, 156, 166, 
trial0001817, 000600, AA, 2055, 14, 146.785714, GDX, 532, 6, 88.666667, ZIC, 526, 8, 65.750000, ZIP, 296, 4, 74.000000, 172, 176, 
trial0001818, 000600, AA, 858, 14, 61.285714, GDX, 558, 6, 93.000000, ZIC, 324, 8, 40.500000, ZIP, 857, 4, 214.250000, 170, 172, 
trial0001819, 000600, AA, 1619, 14, 115.642857, GDX, 780, 6, 130.000000, ZIC, 252, 8, 31.500000, ZIP, 232, 4, 58.000000, 146, 175, 
trial0001820, 000600, AA, 2376, 14, 169.714286, GDX, 772, 6, 128.666667, ZIC, 75, 8, 9.375000, ZIP, 253, 4, 63.250000, 148, 152, 
trial0001821, 000600, AA, 1612, 14, 115.142857, GDX, 397, 6, 66.166667, ZIC, 377, 8, 47.125000, ZIP, 147, 4, 36.750000, 98, 101, 
trial0001822, 000600, AA, 1216, 14, 86.857143, GDX, 1016, 6, 169.333333, ZIC, 327, 8, 40.875000, ZIP, 615, 4, 153.750000, 81, 96, 
trial0001823, 000600, AA, 1289, 14, 92.071429, GDX, 903, 6, 150.500000, ZIC, 179, 8, 22.375000, ZIP, 729, 4, 182.250000, 73, 89, 
trial0001824, 000600, AA, 2322, 14, 165.857143, GDX, 410, 6, 68.333333, ZIC, 323, 8, 40.375000, ZIP, 520, 4, 130.000000, 72, 85, 
trial0001825, 000600, AA, 1447, 14, 103.357143, GDX, 832, 6, 138.666667, ZIC, 512, 8, 64.000000, ZIP, 283, 4, 70.750000, 68, 74, 
trial0001826, 000600, AA, 1381, 14, 98.642857, GDX, 397, 6, 66.166667, ZIC, 844, 8, 105.500000, ZIP, 682, 4, 170.500000, 66, 82, 
trial0001827, 000600, AA, 1630, 14, 116.428571, GDX, 619, 6, 103.166667, ZIC, 467, 8, 58.375000, ZIP, 11, 4, 2.750000, 99, 106, 
trial0001828, 000600, AA, 1214, 14, 86.714286, GDX, 289, 6, 48.166667, ZIC, 474, 8, 59.250000, ZIP, 360, 4, 90.000000, 92, 93, 
trial0001829, 000600, AA, 1301, 14, 92.928571, GDX, 104, 6, 17.333333, ZIC, 283, 8, 35.375000, ZIP, 726, 4, 181.500000, 105, 109, 
trial0001830, 000600, AA, 1147, 14, 81.928571, GDX, 882, 6, 147.000000, ZIC, 586, 8, 73.250000, ZIP, 774, 4, 193.500000, 63, 81, 
trial0001831, 000600, AA, 933, 14, 66.642857, GDX, 397, 6, 66.166667, ZIC, 603, 8, 75.375000, ZIP, 274, 4, 68.500000, 92, 94, 
trial0001832, 000600, AA, 1961, 14, 140.071429, GDX, 18, 6, 3.000000, ZIC, 757, 8, 94.625000, ZIP, 80, 4, 20.000000, 88, 95, 
trial0001833, 000600, AA, 1215, 14, 86.785714, GDX, 380, 6, 63.333333, ZIC, 356, 8, 44.500000, ZIP, 320, 4, 80.000000, 92, 93, 
trial0001834, 000600, AA, 1998, 14, 142.714286, GDX, 546, 6, 91.000000, ZIC, 364, 8, 45.500000, ZIP, 392, 4, 98.000000, 53, 66, 
trial0001835, 000600, AA, 2067, 14, 147.642857, GDX, 536, 6, 89.333333, ZIC, 324, 8, 40.500000, ZIP, 174, 4, 43.500000, 70, 98, 
trial0001836, 000600, AA, 2288, 14, 163.428571, GDX, 571, 6, 95.166667, ZIC, 121, 8, 15.125000, ZIP, 374, 4, 93.500000, 95, 100, 
trial0001837, 000600, AA, 1148, 14, 82.000000, GDX, 363, 6, 60.500000, ZIC, 797, 8, 99.625000, ZIP, 519, 4, 129.750000, 106, 150, 
trial0001838, 000600, AA, 1347, 14, 96.214286, GDX, 5, 6, 0.833333, ZIC, 682, 8, 85.250000, ZIP, 463, 4, 115.750000, 82, 117, 
trial0001839, 000600, AA, 741, 14, 52.928571, GDX, 540, 6, 90.000000, ZIC, 1057, 8, 132.125000, ZIP, 643, 4, 160.750000, 106, 107, 
trial0001840, 000600, AA, 973, 14, 69.500000, GDX, 141, 6, 23.500000, ZIC, 954, 8, 119.250000, ZIP, 437, 4, 109.250000, 78, 79, 
trial0001841, 000600, AA, 1282, 14, 91.571429, GDX, 283, 6, 47.166667, ZIC, 407, 8, 50.875000, ZIP, 134, 4, 33.500000, 104, 125, 
trial0001842, 000600, AA, 833, 14, 59.500000, GDX, 557, 6, 92.833333, ZIC, 235, 8, 29.375000, ZIP, 563, 4, 140.750000, 109, 117, 
trial0001843, 000600, AA, 1038, 14, 74.142857, GDX, 330, 6, 55.000000, ZIC, 249, 8, 31.125000, ZIP, 501, 4, 125.250000, 97, 122, 
trial0001844, 000600, AA, 1671, 14, 119.357143, GDX, 200, 6, 33.333333, ZIC, 169, 8, 21.125000, ZIP, 291, 4, 72.750000, 127, 130, 
trial0001845, 000600, AA, 806, 14, 57.571429, GDX, 602, 6, 100.333333, ZIC, 166, 8, 20.750000, ZIP, 350, 4, 87.500000, 134, 136, 
trial0001846, 000600, AA, 1180, 14, 84.285714, GDX, 478, 6, 79.666667, ZIC, 342, 8, 42.750000, ZIP, 138, 4, 34.500000, 132, 134, 
trial0001847, 000600, AA, 594, 14, 42.428571, GDX, 375, 6, 62.500000, ZIC, 349, 8, 43.625000, ZIP, 331, 4, 82.750000, 94, 142, 
trial0001848, 000600, AA, 795, 14, 56.785714, GDX, 238, 6, 39.666667, ZIC, 161, 8, 20.125000, ZIP, 252, 4, 63.000000, 110, 144, 
trial0001849, 000600, AA, 828, 14, 59.142857, GDX, 265, 6, 44.166667, ZIC, 157, 8, 19.625000, ZIP, 723, 4, 180.750000, 127, 137, 
trial0001850, 000600, AA, 1060, 14, 75.714286, GDX, 485, 6, 80.833333, ZIC, 193, 8, 24.125000, ZIP, 466, 4, 116.500000, 129, 131, 
trial0001851, 000600, AA, 974, 14, 69.571429, GDX, 626, 6, 104.333333, ZIC, 187, 8, 23.375000, ZIP, 189, 4, 47.250000, 104, 106, 
trial0001852, 000600, AA, 716, 14, 51.142857, GDX, 548, 6, 91.333333, ZIC, 381, 8, 47.625000, ZIP, 308, 4, 77.000000, 100, 104, 
trial0001853, 000600, AA, 620, 14, 44.285714, GDX, 396, 6, 66.000000, ZIC, 150, 8, 18.750000, ZIP, 902, 4, 225.500000, 134, 139, 
trial0001854, 000600, AA, 724, 14, 51.714286, GDX, 332, 6, 55.333333, ZIC, 232, 8, 29.000000, ZIP, 608, 4, 152.000000, 103, 110, 
trial0001855, 000600, AA, 941, 14, 67.214286, GDX, 148, 6, 24.666667, ZIC, 611, 8, 76.375000, ZIP, 413, 4, 103.250000, 133, 134, 
trial0001856, 000600, AA, 1900, 14, 135.714286, GDX, 192, 6, 32.000000, ZIC, 36, 8, 4.500000, ZIP, 173, 4, 43.250000, 89, 99, 
trial0001857, 000600, AA, 900, 14, 64.285714, GDX, 381, 6, 63.500000, ZIC, 234, 8, 29.250000, ZIP, 332, 4, 83.000000, 142, 147, 
trial0001858, 000600, AA, 1147, 14, 81.928571, GDX, 201, 6, 33.500000, ZIC, 138, 8, 17.250000, ZIP, 635, 4, 158.750000, 111, 119, 
trial0001859, 000600, AA, 646, 14, 46.142857, GDX, 327, 6, 54.500000, ZIC, 185, 8, 23.125000, ZIP, 387, 4, 96.750000, 133, 147, 
trial0001860, 000600, AA, 934, 14, 66.714286, GDX, 395, 6, 65.833333, ZIC, 641, 8, 80.125000, ZIP, 463, 4, 115.750000, 121, 127, 
trial0001861, 000600, AA, 1830, 14, 130.714286, GDX, 845, 6, 140.833333, ZIC, 951, 8, 118.875000, ZIP, 348, 4, 87.000000, 108, 110, 
trial0001862, 000600, AA, 2444, 14, 174.571429, GDX, 606, 6, 101.000000, ZIC, 393, 8, 49.125000, ZIP, 619, 4, 154.750000, 121, 129, 
trial0001863, 000600, AA, 2727, 14, 194.785714, GDX, 313, 6, 52.166667, ZIC, 1004, 8, 125.500000, ZIP, 656, 4, 164.000000, 126, 150, 
trial0001864, 000600, AA, 2999, 14, 214.214286, GDX, 990, 6, 165.000000, ZIC, 1224, 8, 153.000000, ZIP, 143, 4, 35.750000, 109, 110, 
trial0001865, 000600, AA, 3352, 14, 239.428571, GDX, 1328, 6, 221.333333, ZIC, 1353, 8, 169.125000, ZIP, 633, 4, 158.250000, 105, 113, 
trial0001866, 000600, AA, 1866, 14, 133.285714, GDX, 841, 6, 140.166667, ZIC, 1236, 8, 154.500000, ZIP, 1088, 4, 272.000000, 120, 160, 
trial0001867, 000600, AA, 3580, 14, 255.714286, GDX, 969, 6, 161.500000, ZIC, 841, 8, 105.125000, ZIP, 10, 4, 2.500000, 97, 101, 
trial0001868, 000600, AA, 1752, 14, 125.142857, GDX, 186, 6, 31.000000, ZIC, 1431, 8, 178.875000, ZIP, 753, 4, 188.250000, 111, 135, 
trial0001869, 000600, AA, 3663, 14, 261.642857, GDX, 156, 6, 26.000000, ZIC, 610, 8, 76.250000, ZIP, 270, 4, 67.500000, 100, 103, 
trial0001870, 000600, AA, 3616, 14, 258.285714, GDX, 1170, 6, 195.000000, ZIC, 77, 8, 9.625000, ZIP, 652, 4, 163.000000, 134, 146, 
trial0001871, 000600, AA, 2129, 14, 152.071429, GDX, 609, 6, 101.500000, ZIC, 1015, 8, 126.875000, ZIP, 664, 4, 166.000000, 108, 145, 
trial0001872, 000600, AA, 2383, 14, 170.214286, GDX, 451, 6, 75.166667, ZIC, 1529, 8, 191.125000, ZIP, 378, 4, 94.500000, 102, 110, 
trial0001873, 000600, AA, 3009, 14, 214.928571, GDX, 447, 6, 74.500000, ZIC, 1220, 8, 152.500000, ZIP, 103, 4, 25.750000, 123, 141, 
trial0001874, 000600, AA, 3687, 14, 263.357143, GDX, 237, 6, 39.500000, ZIC, 859, 8, 107.375000, ZIP, 280, 4, 70.000000, 121, 122, 
trial0001875, 000600, AA, 1705, 14, 121.785714, GDX, 996, 6, 166.000000, ZIC, 363, 8, 45.375000, ZIP, 1303, 4, 325.750000, 137, 138, 
trial0001876, 000600, AA, 2512, 14, 179.428571, GDX, 806, 6, 134.333333, ZIC, 1039, 8, 129.875000, ZIP, 885, 4, 221.250000, 126, 180, 
trial0001877, 000600, AA, 2566, 14, 183.285714, GDX, 898, 6, 149.666667, ZIC, 722, 8, 90.250000, ZIP, 617, 4, 154.250000, 136, 143, 
trial0001878, 000600, AA, 2650, 14, 189.285714, GDX, 661, 6, 110.166667, ZIC, 598, 8, 74.750000, ZIP, 1011, 4, 252.750000, 78, 127, 
trial0001879, 000600, AA, 1735, 14, 123.928571, GDX, 327, 6, 54.500000, ZIC, 1020, 8, 127.500000, ZIP, 1105, 4, 276.250000, 74, 109, 
trial0001880, 000600, AA, 2744, 14, 196.000000, GDX, 1046, 6, 174.333333, ZIC, 1149, 8, 143.625000, ZIP, 781, 4, 195.250000, 110, 119, 
trial0001881, 000600, AA, 700, 14, 50.000000, GDX, 296, 6, 49.333333, ZIC, 89, 8, 11.125000, ZIP, 310, 4, 77.500000, 134, 138, 
trial0001882, 000600, AA, 899, 14, 64.214286, GDX, 41, 6, 6.833333, ZIC, 82, 8, 10.250000, ZIP, 186, 4, 46.500000, 155, 157, 
trial0001883, 000600, AA, 366, 14, 26.142857, GDX, 225, 6, 37.500000, ZIC, 201, 8, 25.125000, ZIP, 379, 4, 94.750000, 161, 163, 
trial0001884, 000600, AA, 647, 14, 46.214286, GDX, 288, 6, 48.000000, ZIC, 221, 8, 27.625000, ZIP, 211, 4, 52.750000, 141, 151, 
trial0001885, 000600, AA, 684, 14, 48.857143, GDX, 153, 6, 25.500000, ZIC, 300, 8, 37.500000, ZIP, 201, 4, 50.250000, 131, 173, 
trial0001886, 000600, AA, 999, 14, 71.357143, GDX, 106, 6, 17.666667, ZIC, 108, 8, 13.500000, ZIP, 187, 4, 46.750000, 131, 138, 
trial0001887, 000600, AA, 605, 14, 43.214286, GDX, 213, 6, 35.500000, ZIC, 48, 8, 6.000000, ZIP, 303, 4, 75.750000, 169, 184, 
trial0001888, 000600, AA, 644, 14, 46.000000, GDX, 326, 6, 54.333333, ZIC, 104, 8, 13.000000, ZIP, 369, 4, 92.250000, 131, 132, 
trial0001889, 000600, AA, 719, 14, 51.357143, GDX, 311, 6, 51.833333, ZIC, 4, 8, 0.500000, ZIP, 500, 4, 125.000000, 122, 148, 
trial0001890, 000600, AA, 651, 14, 46.500000, GDX, 382, 6, 63.666667, ZIC, 117, 8, 14.625000, ZIP, 458, 4, 114.500000, 157, 172, 
trial0001891, 000600, AA, 764, 14, 54.571429, GDX, 146, 6, 24.333333, ZIC, 189, 8, 23.625000, ZIP, 102, 4, 25.500000, 135, 136, 
trial0001892, 000600, AA, 681, 14, 48.642857, GDX, 765, 6, 127.500000, ZIC, 191, 8, 23.875000, ZIP, 65, 4, 16.250000, 142, 148, 
trial0001893, 000600, AA, 600, 14, 42.857143, GDX, 191, 6, 31.833333, ZIC, 162, 8, 20.250000, ZIP, 286, 4, 71.500000, 179, 180, 
trial0001894, 000600, AA, 544, 14, 38.857143, GDX, 190, 6, 31.666667, ZIC, 161, 8, 20.125000, ZIP, 158, 4, 39.500000, 171, 176, 
trial0001895, 000600, AA, 793, 14, 56.642857, GDX, 198, 6, 33.000000, ZIC, 167, 8, 20.875000, ZIP, 183, 4, 45.750000, 118, 161, 
trial0001896, 000600, AA, 753, 14, 53.785714, GDX, 177, 6, 29.500000, ZIC, 234, 8, 29.250000, ZIP, 333, 4, 83.250000, 165, 175, 
trial0001897, 000600, AA, 724, 14, 51.714286, GDX, 206, 6, 34.333333, ZIC, 141, 8, 17.625000, ZIP, 283, 4, 70.750000, 130, 147, 
trial0001898, 000600, AA, 418, 14, 29.857143, GDX, 410, 6, 68.333333, ZIC, 51, 8, 6.375000, ZIP, 382, 4, 95.500000, 134, 136, 
trial0001899, 000600, AA, 807, 14, 57.642857, GDX, 134, 6, 22.333333, ZIC, 49, 8, 6.125000, ZIP, 176, 4, 44.000000, 172, 178, 
trial0001900, 000600, AA, 947, 14, 67.642857, GDX, 192, 6, 32.000000, ZIC, 68, 8, 8.500000, ZIP, 24, 4, 6.000000, 133, 135, 
trial0001901, 000600, AA, 1230, 14, 87.857143, GDX, 302, 6, 50.333333, ZIC, 114, 8, 14.250000, ZIP, 467, 4, 116.750000, 123, 128, 
trial0001902, 000600, AA, 1243, 14, 88.785714, GDX, 478, 6, 79.666667, ZIC, 41, 8, 5.125000, ZIP, 658, 4, 164.500000, 57, 61, 
trial0001903, 000600, AA, 1299, 14, 92.785714, GDX, 119, 6, 19.833333, ZIC, 399, 8, 49.875000, ZIP, 218, 4, 54.500000, 106, 109, 
trial0001904, 000600, AA, 1429, 14, 102.071429, GDX, 150, 6, 25.000000, ZIC, 491, 8, 61.375000, ZIP, 345, 4, 86.250000, 73, 74, 
trial0001905, 000600, AA, 1048, 14, 74.857143, GDX, 373, 6, 62.166667, ZIC, 193, 8, 24.125000, ZIP, 966, 4, 241.500000, 108, 111, 
trial0001906, 000600, AA, 619, 14, 44.214286, GDX, 844, 6, 140.666667, ZIC, 674, 8, 84.250000, ZIP, 385, 4, 96.250000, 97, 111, 
trial0001907, 000600, AA, 1076, 14, 76.857143, GDX, 239, 6, 39.833333, ZIC, 403, 8, 50.375000, ZIP, 661, 4, 165.250000, 105, 123, 
trial0001908, 000600, AA, 723, 14, 51.642857, GDX, 353, 6, 58.833333, ZIC, 518, 8, 64.750000, ZIP, 490, 4, 122.500000, 86, 92, 
trial0001909, 000600, AA, 763, 14, 54.500000, GDX, 705, 6, 117.500000, ZIC, 299, 8, 37.375000, ZIP, 306, 4, 76.500000, 121, 129, 
trial0001910, 000600, AA, 1529, 14, 109.214286, GDX, 284, 6, 47.333333, ZIC, 182, 8, 22.750000, ZIP, 280, 4, 70.000000, 77, 83, 
trial0001911, 000600, AA, 1194, 14, 85.285714, GDX, 394, 6, 65.666667, ZIC, 205, 8, 25.625000, ZIP, 175, 4, 43.750000, 86, 139, 
trial0001912, 000600, AA, 966, 14, 69.000000, GDX, 378, 6, 63.000000, ZIC, 555, 8, 69.375000, ZIP, 352, 4, 88.000000, 107, 109, 
trial0001913, 000600, AA, 599, 14, 42.785714, GDX, 373, 6, 62.166667, ZIC, 492, 8, 61.500000, ZIP, 22, 4, 5.500000, 110, 152, 
trial0001914, 000600, AA, 1016, 14, 72.571429, GDX, 727, 6, 121.166667, ZIC, 401, 8, 50.125000, ZIP, 112, 4, 28.000000, 137, 147, 
trial0001915, 000600, AA, 1029, 14, 73.500000, GDX, 593, 6, 98.833333, ZIC, 426, 8, 53.250000, ZIP, 120, 4, 30.000000, 112, 131, 
trial0001916, 000600, AA, 914, 14, 65.285714, GDX, 134, 6, 22.333333, ZIC, 253, 8, 31.625000, ZIP, 258, 4, 64.500000, 111, 121, 
trial0001917, 000600, AA, 1196, 14, 85.428571, GDX, 89, 6, 14.833333, ZIC, 108, 8, 13.500000, ZIP, 373, 4, 93.250000, 73, 115, 
trial0001918, 000600, AA, 474, 14, 33.857143, GDX, 373, 6, 62.166667, ZIC, 225, 8, 28.125000, ZIP, 1128, 4, 282.000000, 107, 123, 
trial0001919, 000600, AA, 209, 14, 14.928571, GDX, 577, 6, 96.166667, ZIC, 174, 8, 21.750000, ZIP, 741, 4, 185.250000, 93, 106, 
trial0001920, 000600, AA, 1605, 14, 114.642857, GDX, 648, 6, 108.000000, ZIC, 109, 8, 13.625000, ZIP, 366, 4, 91.500000, 70, 72, 
trial0001921, 000600, AA, 246, 14, 17.571429, GDX, 207, 6, 34.500000, ZIC, 55, 8, 6.875000, ZIP, 87, 4, 21.750000, 147, 151, 
trial0001922, 000600, AA, 259, 14, 18.500000, GDX, 112, 6, 18.666667, ZIC, 37, 8, 4.625000, ZIP, 113, 4, 28.250000, 104, 112, 
trial0001923, 000600, AA, 285, 14, 20.357143, GDX, 138, 6, 23.000000, ZIC, 15, 8, 1.875000, ZIP, 185, 4, 46.250000, 127, 140, 
trial0001924, 000600, AA, 384, 14, 27.428571, GDX, 109, 6, 18.166667, ZIC, 70, 8, 8.750000, ZIP, 154, 4, 38.500000, 120, 159, 
trial0001925, 000600, AA, 427, 14, 30.500000, GDX, 153, 6, 25.500000, ZIC, 98, 8, 12.250000, ZIP, 96, 4, 24.000000, 111, 143, 
trial0001926, 000600, AA, 102, 14, 7.285714, GDX, 159, 6, 26.500000, ZIC, 127, 8, 15.875000, ZIP, 54, 4, 13.500000, 153, 160, 
trial0001927, 000600, AA, 270, 14, 19.285714, GDX, 191, 6, 31.833333, ZIC, 93, 8, 11.625000, ZIP, 81, 4, 20.250000, 145, 146, 
trial0001928, 000600, AA, 248, 14, 17.714286, GDX, 67, 6, 11.166667, ZIC, 92, 8, 11.500000, ZIP, 84, 4, 21.000000, 109, 123, 
trial0001929, 000600, AA, 272, 14, 19.428571, GDX, 127, 6, 21.166667, ZIC, 39, 8, 4.875000, ZIP, 18, 4, 4.500000, 124, 125, 
trial0001930, 000600, AA, 226, 14, 16.142857, GDX, 107, 6, 17.833333, ZIC, 29, 8, 3.625000, ZIP, 113, 4, 28.250000, 104, 112, 
trial0001931, 000600, AA, 336, 14, 24.000000, GDX, 71, 6, 11.833333, ZIC, 76, 8, 9.500000, ZIP, 78, 4, 19.500000, 106, 110, 
trial0001932, 000600, AA, 326, 14, 23.285714, GDX, 216, 6, 36.000000, ZIC, 58, 8, 7.250000, ZIP, 223, 4, 55.750000, 112, 130, 
trial0001933, 000600, AA, 172, 14, 12.285714, GDX, 83, 6, 13.833333, ZIC, 30, 8, 3.750000, ZIP, 128, 4, 32.000000, 144, 147, 
trial0001934, 000600, AA, 323, 14, 23.071429, GDX, 19, 6, 3.166667, ZIC, 23, 8, 2.875000, ZIP, 100, 4, 25.000000, 106, 120, 
trial0001935, 000600, AA, 259, 14, 18.500000, GDX, 215, 6, 35.833333, ZIC, 143, 8, 17.875000, ZIP, 57, 4, 14.250000, 110, 137, 
trial0001936, 000600, AA, 251, 14, 17.928571, GDX, 156, 6, 26.000000, ZIC, 28, 8, 3.500000, ZIP, 169, 4, 42.250000, 111, 138, 
trial0001937, 000600, AA, 300, 14, 21.428571, GDX, 94, 6, 15.666667, ZIC, 82, 8, 10.250000, ZIP, 43, 4, 10.750000, 108, 110, 
trial0001938, 000600, AA, 239, 14, 17.071429, GDX, 174, 6, 29.000000, ZIC, 16, 8, 2.000000, ZIP, 140, 4, 35.000000, 117, 120, 
trial0001939, 000600, AA, 324, 14, 23.142857, GDX, 30, 6, 5.000000, ZIC, 134, 8, 16.750000, ZIP, 140, 4, 35.000000, 116, 167, 
trial0001940, 000600, AA, 176, 14, 12.571429, GDX, 57, 6, 9.500000, ZIC, 78, 8, 9.750000, ZIP, 34, 4, 8.500000, 101, 108, 
trial0001941, 000600, AA, 2008, 14, 143.428571, GDX, 215, 6, 35.833333, ZIC, 794, 8, 99.250000, ZIP, 984, 4, 246.000000, 128, 192, 
trial0001942, 000600, AA, 1183, 14, 84.500000, GDX, 492, 6, 82.000000, ZIC, 547, 8, 68.375000, ZIP, 850, 4, 212.500000, 134, 140, 
trial0001943, 000600, AA, 2265, 14, 161.785714, GDX, 532, 6, 88.666667, ZIC, 296, 8, 37.000000, ZIP, 530, 4, 132.500000, 136, 140, 
trial0001944, 000600, AA, 1363, 14, 97.357143, GDX, 529, 6, 88.166667, ZIC, 1076, 8, 134.500000, ZIP, 352, 4, 88.000000, 120, 132, 
trial0001945, 000600, AA, 1310, 14, 93.571429, GDX, 683, 6, 113.833333, ZIC, 691, 8, 86.375000, ZIP, 278, 4, 69.500000, 129, 131, 
trial0001946, 000600, AA, 1010, 14, 72.142857, GDX, 1418, 6, 236.333333, ZIC, 804, 8, 100.500000, ZIP, 314, 4, 78.500000, 114, 122, 
trial0001947, 000600, AA, 1245, 14, 88.928571, GDX, 516, 6, 86.000000, ZIC, 1006, 8, 125.750000, ZIP, 568, 4, 142.000000, 135, 144, 
trial0001948, 000600, AA, 2357, 14, 168.357143, GDX, 335, 6, 55.833333, ZIC, 330, 8, 41.250000, ZIP, 424, 4, 106.000000, 142, 144, 
trial0001949, 000600, AA, 1529, 14, 109.214286, GDX, 471, 6, 78.500000, ZIC, 188, 8, 23.500000, ZIP, 466, 4, 116.500000, 114, 125, 
trial0001950, 000600, AA, 1408, 14, 100.571429, GDX, 567, 6, 94.500000, ZIC, 746, 8, 93.250000, ZIP, 317, 4, 79.250000, 123, 131, 
trial0001951, 000600, AA, 2120, 14, 151.428571, GDX, 236, 6, 39.333333, ZIC, 511, 8, 63.875000, ZIP, 376, 4, 94.000000, 124, 148, 
trial0001952, 000600, AA, 2176, 14, 155.428571, GDX, 155, 6, 25.833333, ZIC, 601, 8, 75.125000, ZIP, 218, 4, 54.500000, 164, 175, 
trial0001953, 000600, AA, 1720, 14, 122.857143, GDX, 615, 6, 102.500000, ZIC, 784, 8, 98.000000, ZIP, 570, 4, 142.500000, 162, 169, 
trial0001954, 000600, AA, 1609, 14, 114.928571, GDX, 326, 6, 54.333333, ZIC, 543, 8, 67.875000, ZIP, 754, 4, 188.500000, 135, 144, 
trial0001955, 000600, AA, 1392, 14, 99.428571, GDX, 470, 6, 78.333333, ZIC, 964, 8, 120.500000, ZIP, 488, 4, 122.000000, 127, 146, 
trial0001956, 000600, AA, 1786, 14, 127.571429, GDX, 349, 6, 58.166667, ZIC, 822, 8, 102.750000, ZIP, 209, 4, 52.250000, 96, 112, 
trial0001957, 000600, AA, 3351, 14, 239.357143, GDX, 0, 6, 0.000000, ZIC, 314, 8, 39.250000, ZIP, 304, 4, 76.000000, 113, 139, 
trial0001958, 000600, AA, 2120, 14, 151.428571, GDX, 533, 6, 88.833333, ZIC, 304, 8, 38.000000, ZIP, 1148, 4, 287.000000, 127, 144, 
trial0001959, 000600, AA, 1783, 14, 127.357143, GDX, 505, 6, 84.166667, ZIC, 711, 8, 88.875000, ZIP, 656, 4, 164.000000, 121, 169, 
trial0001960, 000600, AA, 1554, 14, 111.000000, GDX, 467, 6, 77.833333, ZIC, 754, 8, 94.250000, ZIP, 797, 4, 199.250000, 110, 128, 
trial0001961, 000600, AA, 1621, 14, 115.785714, GDX, 394, 6, 65.666667, ZIC, 739, 8, 92.375000, ZIP, 385, 4, 96.250000, 122, 128, 
trial0001962, 000600, AA, 1408, 14, 100.571429, GDX, 620, 6, 103.333333, ZIC, 614, 8, 76.750000, ZIP, 682, 4, 170.500000, 117, 127, 
trial0001963, 000600, AA, 1473, 14, 105.214286, GDX, 510, 6, 85.000000, ZIC, 795, 8, 99.375000, ZIP, 366, 4, 91.500000, 138, 140, 
trial0001964, 000600, AA, 1669, 14, 119.214286, GDX, 381, 6, 63.500000, ZIC, 451, 8, 56.375000, ZIP, 315, 4, 78.750000, 144, 167, 
trial0001965, 000600, AA, 2122, 14, 151.571429, GDX, 170, 6, 28.333333, ZIC, 269, 8, 33.625000, ZIP, 514, 4, 128.500000, 130, 134, 
trial0001966, 000600, AA, 1932, 14, 138.000000, GDX, 233, 6, 38.833333, ZIC, 444, 8, 55.500000, ZIP, 741, 4, 185.250000, 85, 92, 
trial0001967, 000600, AA, 1543, 14, 110.214286, GDX, 910, 6, 151.666667, ZIC, 378, 8, 47.250000, ZIP, 215, 4, 53.750000, 136, 151, 
trial0001968, 000600, AA, 1745, 14, 124.642857, GDX, 341, 6, 56.833333, ZIC, 567, 8, 70.875000, ZIP, 318, 4, 79.500000, 142, 147, 
trial0001969, 000600, AA, 1988, 14, 142.000000, GDX, 491, 6, 81.833333, ZIC, 388, 8, 48.500000, ZIP, 121, 4, 30.250000, 116, 118, 
trial0001970, 000600, AA, 2169, 14, 154.928571, GDX, 466, 6, 77.666667, ZIC, 229, 8, 28.625000, ZIP, 108, 4, 27.000000, 124, 144, 
trial0001971, 000600, AA, 2054, 14, 146.714286, GDX, 75, 6, 12.500000, ZIC, 349, 8, 43.625000, ZIP, 624, 4, 156.000000, 130, 131, 
trial0001972, 000600, AA, 1419, 14, 101.357143, GDX, 635, 6, 105.833333, ZIC, 893, 8, 111.625000, ZIP, 361, 4, 90.250000, 143, 149, 
trial0001973, 000600, AA, 1645, 14, 117.500000, GDX, 471, 6, 78.500000, ZIC, 641, 8, 80.125000, ZIP, 102, 4, 25.500000, 111, 133, 
trial0001974, 000600, AA, 1809, 14, 129.214286, GDX, 726, 6, 121.000000, ZIC, 456, 8, 57.000000, ZIP, 221, 4, 55.250000, 130, 143, 
trial0001975, 000600, AA, 1599, 14, 114.214286, GDX, 140, 6, 23.333333, ZIC, 382, 8, 47.750000, ZIP, 36, 4, 9.000000, 142, 160, 
trial0001976, 000600, AA, 2482, 14, 177.285714, GDX, 192, 6, 32.000000, ZIC, 332, 8, 41.500000, ZIP, 350, 4, 87.500000, 104, 124, 
trial0001977, 000600, AA, 1702, 14, 121.571429, GDX, 752, 6, 125.333333, ZIC, 391, 8, 48.875000, ZIP, 524, 4, 131.000000, 135, 160, 
trial0001978, 000600, AA, 1026, 14, 73.285714, GDX, 238, 6, 39.666667, ZIC, 1023, 8, 127.875000, ZIP, 1, 4, 0.250000, 143, 149, 
trial0001979, 000600, AA, 1773, 14, 126.642857, GDX, 305, 6, 50.833333, ZIC, 477, 8, 59.625000, ZIP, 352, 4, 88.000000, 102, 113, 
trial0001980, 000600, AA, 1706, 14, 121.857143, GDX, 602, 6, 100.333333, ZIC, 210, 8, 26.250000, ZIP, 458, 4, 114.500000, 126, 134, 
trial0001981, 000600, AA, 689, 14, 49.214286, GDX, 255, 6, 42.500000, ZIC, 133, 8, 16.625000, ZIP, 80, 4, 20.000000, 194, 196, 
trial0001982, 000600, AA, 447, 14, 31.928571, GDX, 288, 6, 48.000000, ZIC, 333, 8, 41.625000, ZIP, 321, 4, 80.250000, 136, 140, 
trial0001983, 000600, AA, 789, 14, 56.357143, GDX, 247, 6, 41.166667, ZIC, 306, 8, 38.250000, ZIP, 139, 4, 34.750000, 161, 165, 
trial0001984, 000600, AA, 1189, 14, 84.928571, GDX, 164, 6, 27.333333, ZIC, 106, 8, 13.250000, ZIP, 205, 4, 51.250000, 142, 152, 
trial0001985, 000600, AA, 1025, 14, 73.214286, GDX, 313, 6, 52.166667, ZIC, 77, 8, 9.625000, ZIP, 427, 4, 106.750000, 140, 146, 
trial0001986, 000600, AA, 918, 14, 65.571429, GDX, 333, 6, 55.500000, ZIC, 412, 8, 51.500000, ZIP, 164, 4, 41.000000, 155, 186, 
trial0001987, 000600, AA, 1175, 14, 83.928571, GDX, 63, 6, 10.500000, ZIC, 134, 8, 16.750000, ZIP, 147, 4, 36.750000, 157, 182, 
trial0001988, 000600, AA, 603, 14, 43.071429, GDX, 335, 6, 55.833333, ZIC, 484, 8, 60.500000, ZIP, 59, 4, 14.750000, 187, 191, 
trial0001989, 000600, AA, 545, 14, 38.928571, GDX, 638, 6, 106.333333, ZIC, 167, 8, 20.875000, ZIP, 192, 4, 48.000000, 160, 165, 
trial0001990, 000600, AA, 1030, 14, 73.571429, GDX, 287, 6, 47.833333, ZIC, 228, 8, 28.500000, ZIP, 113, 4, 28.250000, 183, 190, 
trial0001991, 000600, AA, 746, 14, 53.285714, GDX, 141, 6, 23.500000, ZIC, 317, 8, 39.625000, ZIP, 14, 4, 3.500000, 188, 189, 
trial0001992, 000600, AA, 742, 14, 53.000000, GDX, 57, 6, 9.500000, ZIC, 231, 8, 28.875000, ZIP, 519, 4, 129.750000, 154, 179, 
trial0001993, 000600, AA, 1216, 14, 86.857143, GDX, 294, 6, 49.000000, ZIC, 137, 8, 17.125000, ZIP, 409, 4, 102.250000, 137, 138, 
trial0001994, 000600, AA, 1108, 14, 79.142857, GDX, 478, 6, 79.666667, ZIC, 55, 8, 6.875000, ZIP, 361, 4, 90.250000, 164, 168, 
trial0001995, 000600, AA, 1157, 14, 82.642857, GDX, 159, 6, 26.500000, ZIC, 111, 8, 13.875000, ZIP, 138, 4, 34.500000, 150, 166, 
trial0001996, 000600, AA, 1186, 14, 84.714286, GDX, 118, 6, 19.666667, ZIC, 190, 8, 23.750000, ZIP, 162, 4, 40.500000, 149, 177, 
trial0001997, 000600, AA, 429, 14, 30.642857, GDX, 533, 6, 88.833333, ZIC, 212, 8, 26.500000, ZIP, 379, 4, 94.750000, 185, 194, 
trial0001998, 000600, AA, 662, 14, 47.285714, GDX, 435, 6, 72.500000, ZIC, 138, 8, 17.250000, ZIP, 347, 4, 86.750000, 168, 170, 
trial0001999, 000600, AA, 903, 14, 64.500000, GDX, 91, 6, 15.166667, ZIC, 343, 8, 42.875000, ZIP, 347, 4, 86.750000, 161, 173, 
trial0002000, 000600, AA, 394, 14, 28.142857, GDX, 479, 6, 79.833333, ZIC, 411, 8, 51.375000, ZIP, 288, 4, 72.000000, 141, 164, 
